10-60-1280x720
10-60-1280x720_right
101-30-1080x1920
104-17-720x480
105
106-30-720x1280
107
110
110-30-270x480
111
111-25-1920x1080
112
113
114
116
116-30-1280x720
117
117-25-1920x1080
118
119-30-848x480
120
120-30-1280x720
121
121-24-1920x1080
122
122-60-1920x1080-1
122-60-1920x1080-2
122-60-1920x1080-3
123
123-25-1920x1080
124-30-720x1280
125
126
127
128
129-24-1280x720
131
131-30-1920x1080
132
135
135-24-1920x1080_left
135-24-1920x1080_right
136
136-30-1920x1080
137
138
138-30-1280x720
139-14-720x480
140
140-30-632x360
143
144
149
15-24-1920x1080
150
151
153
154
155
156
157
158
160
161
162
163
166
167
168
169
17-24-1920x1080
171
172
175
176
177
178
179
181
182
183
184
185
186
187
188
189
191
192
193
195
196
198
20-24-1920x1080
200
201
202
203
206
207
208
210
212
213
214
215
22-30-1920x1080
220
221
225
226
227
228
229
23-24-1920x1080
230
231
232
233
234
235
236
237
238
239
24-30-1920x1080-1
24-30-1920x1080-2
240
242
243
245
246
247
248
249
250
252
253
254
255
257
259
260
261
262
266
269
270
271
272
273
275
276
277
278
279
28-30-1280x720-2
28-30-1280x720-3
28-30-1280x720-4
282
283
285
286
288
29-24-1280x720
290
291
292
293
294
295
296
297
298
299
303
305
306
308
31-30-1920x1080
312
313
314
315
317
318
319
320
321
323
324
325
326
327
328
329
330
331
334
337
339
34-25-1920x1080
341
345
346
348
35-30-1920x1080
350
354
355
359
360
361
362
363
364
368
369
37-30-1280x720
371
373
374
376
377
378
383
384
385
386
387
388
389
39-25-424x240
392
393
394
395
399
4-30-1920x1080
40-30-1280x720
400
402
406
407
409
412
415
418
419
420
421
423
424
425
426
427
428
429
430
433
435
44-25-426x240
440
441
446
447
448
449
45-24-1280x720
46-30-484x360_left
46-30-484x360_right
47-30-654x480
5-60-1920x1080-1
5-60-1920x1080-2
5-60-1920x1080-3
5-60-1920x1080-4
51-30-1280x720
57-25-426x240
59-30-1280x720
60-30-1920x1080
61-24-1920x1080
63-30-1920x1080
64-24-640x360
65-30-400x228
67-24-640x360
68-24-1920x1080
69-25-854x480
7-60-1920x1080
71-30-1920x1080
75-30-960x720
78-30-960x720
82-25-854x480
85-24-1280x720
86-24-1920x1080
87-25-1920x1080
89-30-1080x1920
9-15-1920x1080
90-30-1080x1920
92-24-1920x1080
93-24-640x360
94-30-1920x1080
95-24-1920x1080
96-30-1280x720
97-29-1920x1080
99-30-720x720
